0.0 10.493337175155647 5.00939426406607 9.90738721367041 11.433533801943334 4.352415210145715 8.735496778440742 
10.493337175155647 0.0 5.35695258224438 12.942447515112153 10.429010989813019 13.468972898065182 8.606795277391917 
5.00939426406607 5.35695258224438 0.0 8.68901344793441 5.222454591026942 8.224509499646837 4.6782118027766755 
9.90738721367041 12.942447515112153 8.68901344793441 0.0 13.453827717191823 11.05230794097198 8.270045004574975 
11.433533801943334 10.429010989813019 5.222454591026942 13.453827717191823 0.0 10.807200107286935 8.615016914931466 
4.352415210145715 13.468972898065182 8.224509499646837 11.05230794097198 10.807200107286935 0.0 4.872911001090249 
8.735496778440742 8.606795277391917 4.6782118027766755 8.270045004574975 8.615016914931466 4.872911001090249 0.0 
