0.0 1.9734374868157465 4.006706235883302 4.878035491686603 11.650392434986417 5.401761874620523 8.407837431330229 13.43166584060057 5.132277316344479 11.056036428849817 
1.9734374868157465 0.0 5.9845616422560655 6.199431702411465 12.378258271084682 7.3969263976246795 9.627510283794962 14.63560502447011 5.871417641992242 12.372165742472413 
4.006706235883302 5.9845616422560655 0.0 6.2688432140699755 14.321060917253138 7.148507931365479 9.406969375422744 14.534120931618506 9.17848740159849 13.271893347077723 
4.878035491686603 6.199431702411465 6.2688432140699755 0.0 12.451762815979675 7.852405061097163 9.364239613573789 14.351734931535976 5.397486439344091 12.086630649354214 
11.650392434986417 12.378258271084682 14.321060917253138 12.451762815979675 0.0 11.435849072245814 8.348534884251057 13.299772287618897 11.151278200885319 8.267335527450104 
5.401761874620523 7.3969263976246795 7.148507931365479 7.852405061097163 11.435849072245814 0.0 4.292036100323333 7.428119220761245 8.666308539358887 8.174329718121555 
8.407837431330229 9.627510283794962 9.406969375422744 9.364239613573789 8.348534884251057 4.292036100323333 0.0 5.816908156899679 10.008475827386787 3.9691328950204454 
13.43166584060057 14.63560502447011 14.534120931618506 14.351734931535976 13.299772287618897 7.428119220761245 5.816908156899679 0.0 11.35354722245688 8.506796757873309 
5.132277316344479 5.871417641992242 9.17848740159849 5.397486439344091 11.151278200885319 8.666308539358887 10.008475827386787 11.35354722245688 0.0 6.01032341827873 
11.056036428849817 12.372165742472413 13.271893347077723 12.086630649354214 8.267335527450104 8.174329718121555 3.9691328950204454 8.506796757873309 6.01032341827873 0.0 
