0.0 9.98047037644956 11.994968477458762 10.694202979400508 7.6199323211099905 6.7637110906660265 7.462087338742385 6.396862583730693 
9.98047037644956 0.0 4.620136140911119 4.494201585323014 11.564992380598875 6.184913892524334 13.512293086694145 4.834471717499158 
11.994968477458762 4.620136140911119 0.0 6.142313337109523 14.58358874235569 7.457146180442363 14.651526870854648 9.281558539031513 
10.694202979400508 4.494201585323014 6.142313337109523 0.0 12.258579940225042 7.832147159157902 14.063229809577138 5.36604494130845 
7.6199323211099905 11.564992380598875 14.58358874235569 12.258579940225042 0.0 11.598547611679205 13.403440479504896 11.340608206997521 
6.7637110906660265 6.184913892524334 7.457146180442363 7.832147159157902 11.598547611679205 0.0 6.920531260461987 8.849110680672537 
7.462087338742385 13.512293086694145 14.651526870854648 14.063229809577138 13.403440479504896 6.920531260461987 0.0 11.72525999928012 
6.396862583730693 4.834471717499158 9.281558539031513 5.36604494130845 11.340608206997521 8.849110680672537 11.72525999928012 0.0 
