0.0 10.075941824255585 11.933870088993961 10.781555149293796 7.634008695248454 6.7637110906660265 7.462087338742385 6.437934365123692 
10.075941824255585 0.0 4.556729565850639 4.656449954927242 11.631386818985952 6.239060458726949 13.604581421871021 4.843310320917591 
11.933870088993961 4.556729565850639 0.0 6.26725812791803 14.44807869632407 7.41101091474188 14.59081258514036 9.21225529710015 
10.781555149293796 4.656449954927242 6.26725812791803 0.0 12.208906966794673 7.938466659087214 14.149931863673366 5.430701453495047 
7.634008695248454 11.631386818985952 14.44807869632407 12.208906966794673 0.0 11.58878892300725 13.416905008554044 11.347174487062132 
6.7637110906660265 6.239060458726949 7.41101091474188 7.938466659087214 11.58878892300725 0.0 6.920531260461987 8.872860592671925 
7.462087338742385 13.604581421871021 14.59081258514036 14.149931863673366 13.416905008554044 6.920531260461987 0.0 11.765275092752518 
6.437934365123692 4.843310320917591 9.21225529710015 5.430701453495047 11.347174487062132 8.872860592671925 11.765275092752518 0.0 
