0.0 1.9609024529451695 4.119751261283458 4.367422617403606 11.742961615899894 5.688682420998809 8.374500603954395 13.376038806512959 4.874440718207818 10.924303504956438 
1.9609024529451695 0.0 6.124834655462609 5.584721908038294 12.283756024666701 7.663257805604344 9.561644004108453 14.556587477664904 5.735956453560498 12.303481415658988 
4.119751261283458 6.124834655462609 0.0 6.142313337109523 14.58358874235569 7.457146180442363 9.546388218088783 14.651526870854648 9.281558539031513 13.41425852387168 
4.367422617403606 5.584721908038294 6.142313337109523 0.0 12.258579940225042 7.832147159157902 9.080402080241035 14.063229809577138 5.36604494130845 11.88578101635647 
11.742961615899894 12.283756024666701 14.58358874235569 12.258579940225042 0.0 11.598547611679205 8.326168672207723 13.403440479504896 11.340608206997521 8.210698109384975 
5.688682420998809 7.663257805604344 7.457146180442363 7.832147159157902 11.598547611679205 0.0 4.312009055169322 6.920531260461987 8.849110680672537 8.199992562255824 
8.374500603954395 9.561644004108453 9.546388218088783 9.080402080241035 8.326168672207723 4.312009055169322 0.0 5.899070542328255 10.175366413925246 3.969470478982628 
13.376038806512959 14.556587477664904 14.651526870854648 14.063229809577138 13.403440479504896 6.920531260461987 5.899070542328255 0.0 11.72525999928012 8.664131933913325 
4.874440718207818 5.735956453560498 9.281558539031513 5.36604494130845 11.340608206997521 8.849110680672537 10.175366413925246 11.72525999928012 0.0 6.175682819118262 
10.924303504956438 12.303481415658988 13.41425852387168 11.88578101635647 8.210698109384975 8.199992562255824 3.969470478982628 8.664131933913325 6.175682819118262 0.0 
