0.0 4.556729565850639 4.656449954927242 11.631386818985952 6.239060458726949 8.581420511789373 13.604581421871021 4.843310320917591 11.23759534078223 
4.556729565850639 0.0 6.26725812791803 14.44807869632407 7.41101091474188 9.485337713038277 14.59081258514036 9.21225529710015 13.35329171290487 
4.656449954927242 6.26725812791803 0.0 12.208906966794673 7.938466659087214 9.167672960864955 14.149931863673366 5.430701453495047 11.972909981171373 
11.631386818985952 14.44807869632407 12.208906966794673 0.0 11.58878892300725 8.340168771880938 13.416905008554044 11.347174487062132 8.224564891048766 
6.239060458726949 7.41101091474188 7.938466659087214 11.58878892300725 0.0 4.312009055169322 6.920531260461987 8.872860592671925 8.199992562255824 
8.581420511789373 9.485337713038277 9.167672960864955 8.340168771880938 4.312009055169322 0.0 5.899070542328255 10.216306068490212 3.969470478982628 
13.604581421871021 14.59081258514036 14.149931863673366 13.416905008554044 6.920531260461987 5.899070542328255 0.0 11.765275092752518 8.664131933913325 
4.843310320917591 9.21225529710015 5.430701453495047 11.347174487062132 8.872860592671925 10.216306068490212 11.765275092752518 0.0 6.216391805404889 
11.23759534078223 13.35329171290487 11.972909981171373 8.224564891048766 8.199992562255824 3.969470478982628 8.664131933913325 6.216391805404889 0.0 
