0.0 8.870888071577157 16.529476240877663 9.812089921015394 12.566358674601792 9.90550016840694 
8.870888071577157 0.0 21.588372675785152 13.725702132954593 16.669887400239453 15.440440956480234 
16.529476240877663 21.588372675785152 0.0 20.709910758460705 24.526184557868337 22.4304948636425 
9.812089921015394 13.725702132954593 20.709910758460705 0.0 18.210145770415377 14.90762145159641 
12.566358674601792 16.669887400239453 24.526184557868337 18.210145770415377 0.0 18.486562920325206 
9.90550016840694 15.440440956480234 22.4304948636425 14.90762145159641 18.486562920325206 0.0 
