0.0 1.937535940795855 4.153688824255267 4.538762335204173 11.723473976612258 5.66076475975014 8.352888326916233 13.309843605971901 4.886055655544459 10.902636489899123 
1.937535940795855 0.0 6.075645947110375 5.9088724024964145 12.60441182277947 7.85109233618212 9.882799727743881 14.86014015020547 5.839989807271253 12.654568795945295 
4.153688824255267 6.075645947110375 0.0 6.410887168579269 14.61395292779695 7.512668129612706 9.608549834250399 14.66954288882701 9.344152555483213 13.476336445949602 
4.538762335204173 5.9088724024964145 6.410887168579269 0.0 12.247685365130437 8.015629473835862 9.219606614582187 14.163455570044338 5.4219063645775405 12.024616867418548 
11.723473976612258 12.60441182277947 14.61395292779695 12.247685365130437 0.0 11.525183785405194 8.332639857171154 13.409454226044488 11.409464230448304 8.252337279588502 
5.66076475975014 7.85109233618212 7.512668129612706 8.015629473835862 11.525183785405194 0.0 4.205414183961975 6.7953722378370855 8.851515802807755 8.093543245976639 
8.352888326916233 9.882799727743881 9.608549834250399 9.219606614582187 8.332639857171154 4.205414183961975 0.0 5.854738829918076 10.195136716064729 3.969470478982628 
13.309843605971901 14.86014015020547 14.66954288882701 14.163455570044338 13.409454226044488 6.7953722378370855 5.854738829918076 0.0 11.710691470775009 8.619889089810863 
4.886055655544459 5.839989807271253 9.344152555483213 5.4219063645775405 11.409464230448304 8.851515802807755 10.195136716064729 11.710691470775009 0.0 6.195315017864597 
10.902636489899123 12.654568795945295 13.476336445949602 12.024616867418548 8.252337279588502 8.093543245976639 3.969470478982628 8.619889089810863 6.195315017864597 0.0 
