0.0 9.823660727146198 4.374019746795757 11.591487179262705 5.818041628908152 13.164453771804036 5.04663059001233 
9.823660727146198 0.0 10.833618733767283 7.654153935583375 6.657032943955555 7.417704682289721 6.416712054083319 
4.374019746795757 10.833618733767283 0.0 12.247685365130437 8.015629473835862 14.163455570044338 5.4219063645775405 
11.591487179262705 7.654153935583375 12.247685365130437 0.0 11.525183785405194 13.409454226044488 11.409464230448304 
5.818041628908152 6.657032943955555 8.015629473835862 11.525183785405194 0.0 6.7953722378370855 8.851515802807755 
13.164453771804036 7.417704682289721 14.163455570044338 13.409454226044488 6.7953722378370855 0.0 11.710691470775009 
5.04663059001233 6.416712054083319 5.4219063645775405 11.409464230448304 8.851515802807755 11.710691470775009 0.0 
