0.0 8.13056360784551 9.462696618228811 10.393512099188753 8.326806185300997 3.863992979630495 6.19768574903249 4.150054754380844 8.702330987123519 9.099876223163788 10.045055732079751 
8.13056360784551 0.0 2.02490385109694 4.190206323780871 3.3593543276968862 7.950398536812917 5.487531850899639 6.656848607842044 9.847417191904288 11.584980938028535 12.530150369578594 
9.462696618228811 2.02490385109694 0.0 6.0751691637663825 5.182229879983266 8.82554006610634 7.697483329245971 8.241833900091063 12.35310057443732 13.118652190496395 14.064216931311242 
10.393512099188753 4.190206323780871 6.0751691637663825 0.0 5.286799609001653 9.637934973732335 7.441875984028974 7.58706674194533 12.24786818428134 12.438400065215093 13.384444028219457 
8.326806185300997 3.3593543276968862 5.182229879983266 5.286799609001653 0.0 9.222369333598133 6.964060660781567 6.856025110329622 10.691761658535244 11.729298354392675 12.67497760382192 
3.863992979630495 7.950398536812917 8.82554006610634 9.637934973732335 9.222369333598133 0.0 6.668070289959799 4.811515604674108 9.972603743474417 9.712723706018561 10.658288446833406 
6.19768574903249 5.487531850899639 7.697483329245971 7.441875984028974 6.964060660781567 6.668070289959799 0.0 2.568067029049365 5.7740234905944625 7.454097345259402 8.400035854932172 
4.150054754380844 6.656848607842044 8.241833900091063 7.58706674194533 6.856025110329622 4.811515604674108 2.568067029049365 0.0 5.945994437183292 4.990836327479268 5.936072232051689 
8.702330987123519 9.847417191904288 12.35310057443732 12.24786818428134 10.691761658535244 9.972603743474417 5.7740234905944625 5.945994437183292 0.0 10.85195242364927 11.79748751716105 
9.099876223163788 11.584980938028535 13.118652190496395 12.438400065215093 11.729298354392675 9.712723706018561 7.454097345259402 4.990836327479268 10.85195242364927 0.0 3.2823788664671163 
10.045055732079751 12.530150369578594 14.064216931311242 13.384444028219457 12.67497760382192 10.658288446833406 8.400035854932172 5.936072232051689 11.79748751716105 3.2823788664671163 0.0 
