0.0 10.19372250825054 4.724638648695758 9.61392014835583 10.763376642097287 8.233871368818045 
10.19372250825054 0.0 5.35695258224438 12.942447515112153 10.429010989813019 8.606795277391917 
4.724638648695758 5.35695258224438 0.0 8.68901344793441 5.222454591026942 4.6782118027766755 
9.61392014835583 12.942447515112153 8.68901344793441 0.0 13.453827717191823 8.270045004574975 
10.763376642097287 10.429010989813019 5.222454591026942 13.453827717191823 0.0 8.615016914931466 
8.233871368818045 8.606795277391917 4.6782118027766755 8.270045004574975 8.615016914931466 0.0 
