0.0 8.414299577820517 15.843825095983773 7.926407890018639 9.495508339119144 12.075081875628278 9.705698889459475 
8.414299577820517 0.0 21.588372675785152 15.462712071982946 13.725702132954593 16.669887400239453 15.440440956480234 
15.843825095983773 21.588372675785152 0.0 23.64715438763934 20.709910758460705 24.526184557868337 22.4304948636425 
7.926407890018639 15.462712071982946 23.64715438763934 0.0 16.075930732566086 19.234187293235085 15.90433749406142 
9.495508339119144 13.725702132954593 20.709910758460705 16.075930732566086 0.0 18.210145770415377 14.90762145159641 
12.075081875628278 16.669887400239453 24.526184557868337 19.234187293235085 18.210145770415377 0.0 18.486562920325206 
9.705698889459475 15.440440956480234 22.4304948636425 15.90433749406142 14.90762145159641 18.486562920325206 0.0 
