0.0 9.25694312425603 10.932169791606528 5.20150690570887 12.650558152073177 4.44274125579741 
9.25694312425603 0.0 7.67324572517353 6.747468936435184 7.3267616145779195 6.229318032232917 
10.932169791606528 7.67324572517353 0.0 11.435849072245814 13.299772287618897 11.151278200885319 
5.20150690570887 6.747468936435184 11.435849072245814 0.0 7.428119220761245 8.666308539358887 
12.650558152073177 7.3267616145779195 13.299772287618897 7.428119220761245 0.0 11.35354722245688 
4.44274125579741 6.229318032232917 11.151278200885319 8.666308539358887 11.35354722245688 0.0 
