0.0 1.9244148369558283 4.097463750587593 4.481656115385645 11.674101257119707 5.690858550021218 8.34971013040665 13.355343589527049 4.865406210728426 10.899494914319508 
1.9244148369558283 0.0 5.999324238323649 5.777531485190109 12.472951664337216 7.752716891545068 9.763852368119537 14.748227503791652 5.744423606340595 12.505246754158243 
4.097463750587593 5.999324238323649 0.0 6.26725812791803 14.44807869632407 7.41101091474188 9.485337713038277 14.59081258514036 9.21225529710015 13.35329171290487 
4.481656115385645 5.777531485190109 6.26725812791803 0.0 12.208906966794673 7.938466659087214 9.167672960864955 14.149931863673366 5.430701453495047 11.972909981171373 
11.674101257119707 12.472951664337216 14.44807869632407 12.208906966794673 0.0 11.58878892300725 8.340168771880938 13.416905008554044 11.347174487062132 8.224564891048766 
5.690858550021218 7.752716891545068 7.41101091474188 7.938466659087214 11.58878892300725 0.0 4.312009055169322 6.920531260461987 8.872860592671925 8.199992562255824 
8.34971013040665 9.763852368119537 9.485337713038277 9.167672960864955 8.340168771880938 4.312009055169322 0.0 5.899070542328255 10.216306068490212 3.969470478982628 
13.355343589527049 14.748227503791652 14.59081258514036 14.149931863673366 13.416905008554044 6.920531260461987 5.899070542328255 0.0 11.765275092752518 8.664131933913325 
4.865406210728426 5.744423606340595 9.21225529710015 5.430701453495047 11.347174487062132 8.872860592671925 10.216306068490212 11.765275092752518 0.0 6.216391805404889 
10.899494914319508 12.505246754158243 13.35329171290487 11.972909981171373 8.224564891048766 8.199992562255824 3.969470478982628 8.664131933913325 6.216391805404889 0.0 
