0.0 9.754178664560142 4.28261221138436 11.50005783358932 5.7842579317306475 13.136179785918289 4.987365354635999 
9.754178664560142 0.0 10.781555149293796 7.634008695248454 6.7637110906660265 7.462087338742385 6.437934365123692 
4.28261221138436 10.781555149293796 0.0 12.208906966794673 7.938466659087214 14.149931863673366 5.430701453495047 
11.50005783358932 7.634008695248454 12.208906966794673 0.0 11.58878892300725 13.416905008554044 11.347174487062132 
5.7842579317306475 6.7637110906660265 7.938466659087214 11.58878892300725 0.0 6.920531260461987 8.872860592671925 
13.136179785918289 7.462087338742385 14.149931863673366 13.416905008554044 6.920531260461987 0.0 11.765275092752518 
4.987365354635999 6.437934365123692 5.430701453495047 11.347174487062132 8.872860592671925 11.765275092752518 0.0 
