0.0 5.35695258224438 11.654735838717876 12.140318147351579 11.446483272126986 12.942447515112153 10.429010989813019 13.468972898065182 8.606795277391917 
5.35695258224438 0.0 5.981866442103718 6.908475549590033 6.453766628465219 8.68901344793441 5.222454591026942 8.224509499646837 4.6782118027766755 
11.654735838717876 5.981866442103718 0.0 4.581643780603668 4.283365493582535 10.293379974129227 12.544482977854068 4.888291423571098 9.711065270195217 
12.140318147351579 6.908475549590033 4.581643780603668 0.0 5.552474780836897 12.746749550516697 13.276374700924196 9.139840613555785 11.490642354472309 
11.446483272126986 6.453766628465219 4.283365493582535 5.552474780836897 0.0 12.531117494473373 12.381262510741514 5.0900961102771625 9.683905815079106 
12.942447515112153 8.68901344793441 10.293379974129227 12.746749550516697 12.531117494473373 0.0 13.453827717191823 11.05230794097198 8.270045004574975 
10.429010989813019 5.222454591026942 12.544482977854068 13.276374700924196 12.381262510741514 13.453827717191823 0.0 10.807200107286935 8.615016914931466 
13.468972898065182 8.224509499646837 4.888291423571098 9.139840613555785 5.0900961102771625 11.05230794097198 10.807200107286935 0.0 4.872911001090249 
8.606795277391917 4.6782118027766755 9.711065270195217 11.490642354472309 9.683905815079106 8.270045004574975 8.615016914931466 4.872911001090249 0.0 
