0.0 9.326552659195439 4.107036419100824 10.951574002681967 5.709268815341172 12.85573121094256 4.085411499951339 
9.326552659195439 0.0 11.994968477458762 7.6199323211099905 6.7637110906660265 7.462087338742385 6.396862583730693 
4.107036419100824 11.994968477458762 0.0 14.58358874235569 7.457146180442363 14.651526870854648 9.281558539031513 
10.951574002681967 7.6199323211099905 14.58358874235569 0.0 11.598547611679205 13.403440479504896 11.340608206997521 
5.709268815341172 6.7637110906660265 7.457146180442363 11.598547611679205 0.0 6.920531260461987 8.849110680672537 
12.85573121094256 7.462087338742385 14.651526870854648 13.403440479504896 6.920531260461987 0.0 11.72525999928012 
4.085411499951339 6.396862583730693 9.281558539031513 11.340608206997521 8.849110680672537 11.72525999928012 0.0 
