0.0 8.556012907643431 16.36105502767761 7.783220250214274 7.827835662928918 9.740480679865819 13.030281908357368 9.94178320059507 
8.556012907643431 0.0 21.588372675785152 13.970853528035265 15.462712071982946 13.725702132954593 16.669887400239453 15.440440956480234 
16.36105502767761 21.588372675785152 0.0 17.39479535056941 23.64715438763934 20.709910758460705 24.526184557868337 22.4304948636425 
7.783220250214274 13.970853528035265 17.39479535056941 0.0 16.038517699002167 13.944257482649911 8.98878033552553 14.27895541313202 
7.827835662928918 15.462712071982946 23.64715438763934 16.038517699002167 0.0 16.075930732566086 19.234187293235085 15.90433749406142 
9.740480679865819 13.725702132954593 20.709910758460705 13.944257482649911 16.075930732566086 0.0 18.210145770415377 14.90762145159641 
13.030281908357368 16.669887400239453 24.526184557868337 8.98878033552553 19.234187293235085 18.210145770415377 0.0 18.486562920325206 
9.94178320059507 15.440440956480234 22.4304948636425 14.27895541313202 15.90433749406142 14.90762145159641 18.486562920325206 0.0 
