0.0 9.758164951977571 4.624089572388339 11.43491373816109 5.483214189525714 13.120222392010398 5.152101783112444 
9.758164951977571 0.0 10.918854414545002 7.67324572517353 6.747468936435184 7.3267616145779195 6.229318032232917 
4.624089572388339 10.918854414545002 0.0 12.451762815979675 7.852405061097163 14.351734931535976 5.397486439344091 
11.43491373816109 7.67324572517353 12.451762815979675 0.0 11.435849072245814 13.299772287618897 11.151278200885319 
5.483214189525714 6.747468936435184 7.852405061097163 11.435849072245814 0.0 7.428119220761245 8.666308539358887 
13.120222392010398 7.3267616145779195 14.351734931535976 13.299772287618897 7.428119220761245 0.0 11.35354722245688 
5.152101783112444 6.229318032232917 5.397486439344091 11.151278200885319 8.666308539358887 11.35354722245688 0.0 
