0.0 4.620136140911119 4.494201585323014 11.564992380598875 6.184913892524334 8.486078525974957 13.512293086694145 4.834471717499158 11.142479415298224 
4.620136140911119 0.0 6.142313337109523 14.58358874235569 7.457146180442363 9.546388218088783 14.651526870854648 9.281558539031513 13.41425852387168 
4.494201585323014 6.142313337109523 0.0 12.258579940225042 7.832147159157902 9.080402080241035 14.063229809577138 5.36604494130845 11.88578101635647 
11.564992380598875 14.58358874235569 12.258579940225042 0.0 11.598547611679205 8.326168672207723 13.403440479504896 11.340608206997521 8.210698109384975 
6.184913892524334 7.457146180442363 7.832147159157902 11.598547611679205 0.0 4.312009055169322 6.920531260461987 8.849110680672537 8.199992562255824 
8.486078525974957 9.546388218088783 9.080402080241035 8.326168672207723 4.312009055169322 0.0 5.899070542328255 10.175366413925246 3.969470478982628 
13.512293086694145 14.651526870854648 14.063229809577138 13.403440479504896 6.920531260461987 5.899070542328255 0.0 11.72525999928012 8.664131933913325 
4.834471717499158 9.281558539031513 5.36604494130845 11.340608206997521 8.849110680672537 10.175366413925246 11.72525999928012 0.0 6.175682819118262 
11.142479415298224 13.41425852387168 11.88578101635647 8.210698109384975 8.199992562255824 3.969470478982628 8.664131933913325 6.175682819118262 0.0 
