0.0 10.14453857585307 12.057177977034673 10.833618733767283 7.654153935583375 6.657032943955555 7.417704682289721 6.416712054083319 
10.14453857585307 0.0 4.619775572765708 4.747110151787422 11.71759944672008 6.268743235527003 13.632849908346076 4.897547615592021 
12.057177977034673 4.619775572765708 0.0 6.410887168579269 14.61395292779695 7.512668129612706 14.66954288882701 9.344152555483213 
10.833618733767283 4.747110151787422 6.410887168579269 0.0 12.247685365130437 8.015629473835862 14.163455570044338 5.4219063645775405 
7.654153935583375 11.71759944672008 14.61395292779695 12.247685365130437 0.0 11.525183785405194 13.409454226044488 11.409464230448304 
6.657032943955555 6.268743235527003 7.512668129612706 8.015629473835862 11.525183785405194 0.0 6.7953722378370855 8.851515802807755 
7.417704682289721 13.632849908346076 14.66954288882701 14.163455570044338 13.409454226044488 6.7953722378370855 0.0 11.710691470775009 
6.416712054083319 4.897547615592021 9.344152555483213 5.4219063645775405 11.409464230448304 8.851515802807755 11.710691470775009 0.0 
