0.0 9.330142884410805 11.065580726951714 5.519270168660443 12.695735840238711 4.377179362979135 
9.330142884410805 0.0 7.654153935583375 6.657032943955555 7.417704682289721 6.416712054083319 
11.065580726951714 7.654153935583375 0.0 11.525183785405194 13.409454226044488 11.409464230448304 
5.519270168660443 6.657032943955555 11.525183785405194 0.0 6.7953722378370855 8.851515802807755 
12.695735840238711 7.417704682289721 13.409454226044488 6.7953722378370855 0.0 11.710691470775009 
4.377179362979135 6.416712054083319 11.409464230448304 8.851515802807755 11.710691470775009 0.0 
