0.0 4.509623578081301 5.06730276302019 11.569603122781267 5.923280477005033 8.544838136950313 13.589957288540635 5.0395481543415634 11.254826469998232 
4.509623578081301 0.0 6.2688432140699755 14.321060917253138 7.148507931365479 9.406969375422744 14.534120931618506 9.17848740159849 13.271893347077723 
5.06730276302019 6.2688432140699755 0.0 12.451762815979675 7.852405061097163 9.364239613573789 14.351734931535976 5.397486439344091 12.086630649354214 
11.569603122781267 14.321060917253138 12.451762815979675 0.0 11.435849072245814 8.348534884251057 13.299772287618897 11.151278200885319 8.267335527450104 
5.923280477005033 7.148507931365479 7.852405061097163 11.435849072245814 0.0 4.292036100323333 7.428119220761245 8.666308539358887 8.174329718121555 
8.544838136950313 9.406969375422744 9.364239613573789 8.348534884251057 4.292036100323333 0.0 5.816908156899679 10.008475827386787 3.9691328950204454 
13.589957288540635 14.534120931618506 14.351734931535976 13.299772287618897 7.428119220761245 5.816908156899679 0.0 11.35354722245688 8.506796757873309 
5.0395481543415634 9.17848740159849 5.397486439344091 11.151278200885319 8.666308539358887 10.008475827386787 11.35354722245688 0.0 6.01032341827873 
11.254826469998232 13.271893347077723 12.086630649354214 8.267335527450104 8.174329718121555 3.9691328950204454 8.506796757873309 6.01032341827873 0.0 
