0.0 2.02490385109694 4.190206323780871 3.3593543276968862 7.950398536812917 5.487531850899639 6.656848607842044 9.847417191904288 7.326356959306049 9.64251379383408 11.584980938028535 12.530150369578594 
2.02490385109694 0.0 6.0751691637663825 5.182229879983266 8.82554006610634 7.697483329245971 8.241833900091063 12.35310057443732 8.60030835757894 11.061916948346378 13.118652190496395 14.064216931311242 
4.190206323780871 6.0751691637663825 0.0 5.286799609001653 9.637934973732335 7.441875984028974 7.58706674194533 12.24786818428134 9.847231169441507 11.490642354472305 12.438400065215093 13.384444028219457 
3.3593543276968862 5.182229879983266 5.286799609001653 0.0 9.222369333598133 6.964060660781567 6.856025110329622 10.691761658535244 7.520704776020125 9.838806549265605 11.729298354392675 12.67497760382192 
7.950398536812917 8.82554006610634 9.637934973732335 9.222369333598133 0.0 6.668070289959799 4.811515604674108 9.972603743474417 3.75231026421389 4.278139373429147 9.712723706018561 10.658288446833406 
5.487531850899639 7.697483329245971 7.441875984028974 6.964060660781567 6.668070289959799 0.0 2.568067029049365 5.7740234905944625 6.1612275639835365 6.486174517981784 7.454097345259402 8.400035854932172 
6.656848607842044 8.241833900091063 7.58706674194533 6.856025110329622 4.811515604674108 2.568067029049365 0.0 5.945994437183292 4.411532977879841 3.9769969043250164 4.990836327479268 5.936072232051689 
9.847417191904288 12.35310057443732 12.24786818428134 10.691761658535244 9.972603743474417 5.7740234905944625 5.945994437183292 0.0 8.532394803784424 9.19849291641036 10.85195242364927 11.79748751716105 
7.326356959306049 8.60030835757894 9.847231169441507 7.520704776020125 3.75231026421389 6.1612275639835365 4.411532977879841 8.532394803784424 0.0 0.4171497793501991 9.349986842917392 10.295195903733962 
9.64251379383408 11.061916948346378 11.490642354472305 9.838806549265605 4.278139373429147 6.486174517981784 3.9769969043250164 9.19849291641036 0.4171497793501991 0.0 8.921424253979174 9.866801527466526 
11.584980938028535 13.118652190496395 12.438400065215093 11.729298354392675 9.712723706018561 7.454097345259402 4.990836327479268 10.85195242364927 9.349986842917392 8.921424253979174 0.0 3.2823788664671163 
12.530150369578594 14.064216931311242 13.384444028219457 12.67497760382192 10.658288446833406 8.400035854932172 5.936072232051689 11.79748751716105 10.295195903733962 9.866801527466526 3.2823788664671163 0.0 
