0.0 1.9370796091463391 4.059332505234915 4.277954378302228 11.395897516792383 4.763963930443385 8.358625542257293 13.769249896515126 4.922649866157801 10.936945993614943 
1.9370796091463391 0.0 5.99879192252154 5.475655027703076 11.944234917973366 6.878520900005053 9.578062623781648 14.875545813678691 5.708233758736641 12.34925794287227 
4.059332505234915 5.99879192252154 0.0 6.099023363855818 14.440390012532008 6.734654552868918 9.506057134520919 15.050661098921701 9.300517122815522 13.41425852387168 
4.277954378302228 5.475655027703076 6.099023363855818 0.0 12.08288404184706 7.205651312767682 8.92658362048455 14.269676488061188 5.390846735279747 11.807156302997944 
11.395897516792383 11.944234917973366 14.440390012532008 12.08288404184706 0.0 11.412775997902209 8.34733235173754 13.247316483496059 11.323876913691883 8.280118916166218 
4.763963930443385 6.878520900005053 6.734654552868918 7.205651312767682 11.412775997902209 0.0 4.283612927836559 9.86229253462846 8.703255258739826 8.185680687782 
8.358625542257293 9.578062623781648 9.506057134520919 8.92658362048455 8.34733235173754 4.283612927836559 0.0 5.722026143148359 10.131394947677663 3.9514293776101015 
13.769249896515126 14.875545813678691 15.050661098921701 14.269676488061188 13.247316483496059 9.86229253462846 5.722026143148359 0.0 11.841940541608935 8.318746804876138 
4.922649866157801 5.708233758736641 9.300517122815522 5.390846735279747 11.323876913691883 8.703255258739826 10.131394947677663 11.841940541608935 0.0 6.195315017864597 
10.936945993614943 12.34925794287227 13.41425852387168 11.807156302997944 8.280118916166218 8.185680687782 3.9514293776101015 8.318746804876138 6.195315017864597 0.0 
